70;35;128
0;0;70
1;0;50
1;1;100
1;3;100
2;0;100
2;4;50
2;6;70
3;1;10
3;2;10
3;3;10
3;7;50
3;9;10
4;2;70
4;3;100
4;10;50
4;12;70
5;2;70
5;3;50
5;13;10
5;15;100
6;4;50
6;5;50
6;6;50
6;16;50
6;18;100
7;5;50
7;6;50
7;19;10
7;21;100
8;5;70
8;6;100
8;22;10
8;24;10
9;7;100
9;8;70
9;9;70
9;25;70
9;27;100
10;8;50
10;9;10
10;28;70
10;30;70
11;8;10
11;9;10
11;31;50
11;33;10
12;8;10
12;9;50
12;34;10
13;10;50
13;11;70
13;12;50
14;11;100
14;12;10
15;11;10
15;12;100
16;11;50
16;12;100
17;13;50
17;14;100
17;15;70
18;14;100
18;15;70
19;14;70
19;15;70
20;14;70
20;15;100
21;16;70
21;17;50
21;18;50
22;17;100
22;18;70
23;17;100
23;18;10
24;17;50
24;18;50
25;19;100
25;20;10
25;21;100
26;20;50
26;21;70
27;20;10
27;21;70
28;20;10
28;21;70
29;22;10
29;23;100
29;24;10
30;23;70
30;24;100
31;23;70
31;24;50
32;23;100
32;24;10
33;25;70
33;26;10
33;27;100
34;26;70
34;27;50
35;26;10
35;27;10
36;26;70
36;27;70
37;26;100
37;27;10
38;28;100
38;29;10
38;30;70
39;29;70
39;30;70
40;29;50
40;30;50
41;29;10
41;30;100
42;29;100
42;30;100
43;31;50
43;32;100
43;33;50
44;32;100
44;33;50
45;32;70
45;33;50
46;32;70
46;33;70
47;32;10
47;33;100
48;34;50
0;0;10
0;1;10
0;2;10
0;3;10
0;4;10
0;5;10
0;6;10
0;7;10
1;0;80
1;1;70
1;2;60
1;3;50
1;4;40
1;5;30
1;6;20
1;7;10
2;0;10
2;1;20
2;2;30
2;3;40
2;4;50
2;5;60
2;6;70
2;7;80
3;0;10
3;1;20
3;2;30
3;3;40
3;4;50
3;5;60
3;6;70
3;7;80
4;0;10
4;1;10
4;2;10
4;3;10
4;4;10
4;5;10
4;6;10
4;7;10
5;0;10
5;1;20
5;2;30
5;3;40
5;4;50
5;5;60
5;6;70
5;7;80
6;0;80
6;1;70
6;2;60
6;3;50
6;4;40
6;5;30
6;6;20
6;7;10
7;0;80
7;1;70
7;2;60
7;3;50
7;4;40
7;5;30
7;6;20
7;7;10
8;0;10
8;1;10
8;2;10
8;3;10
8;4;10
8;5;10
8;6;10
8;7;10
9;0;10
9;1;20
9;2;30
9;3;40
9;4;50
9;5;60
9;6;70
9;7;80
10;0;10
10;1;10
10;2;10
10;3;10
10;4;10
10;5;10
10;6;10
10;7;10
11;0;10
11;1;20
11;2;30
11;3;40
11;4;50
11;5;60
11;6;70
11;7;80
12;0;10
12;1;20
12;2;30
12;3;40
12;4;50
12;5;60
12;6;70
12;7;80
13;0;10
13;1;20
13;2;30
13;3;40
13;4;50
13;5;60
13;6;70
13;7;80
14;0;80
14;1;70
14;2;60
14;3;50
14;4;40
14;5;30
14;6;20
14;7;10
15;0;80
15;1;70
15;2;60
15;3;50
15;4;40
15;5;30
15;6;20
15;7;10
16;0;80
16;1;70
16;2;60
16;3;50
16;4;40
16;5;30
16;6;20
16;7;10
17;0;80
17;1;70
17;2;60
17;3;50
17;4;40
17;5;30
17;6;20
17;7;10
18;0;10
18;1;10
18;2;10
18;3;10
18;4;10
18;5;10
18;6;10
18;7;10
19;0;10
19;1;20
19;2;30
19;3;40
19;4;50
19;5;60
19;6;70
19;7;80
20;0;10
20;1;20
20;2;30
20;3;40
20;4;50
20;5;60
20;6;70
20;7;80
21;0;80
21;1;70
21;2;60
21;3;50
21;4;40
21;5;30
21;6;20
21;7;10
22;0;10
22;1;20
22;2;30
22;3;40
22;4;50
22;5;60
22;6;70
22;7;80
23;0;10
23;1;10
23;2;10
23;3;10
23;4;10
23;5;10
23;6;10
23;7;10
24;0;10
24;1;20
24;2;30
24;3;40
24;4;50
24;5;60
24;6;70
24;7;80
25;0;10
25;1;10
25;2;10
25;3;10
25;4;10
25;5;10
25;6;10
25;7;10
26;0;10
26;1;20
26;2;30
26;3;40
26;4;50
26;5;60
26;6;70
26;7;80
27;0;10
27;1;10
27;2;10
27;3;10
27;4;10
27;5;10
27;6;10
27;7;10
28;0;80
28;1;70
28;2;60
28;3;50
28;4;40
28;5;30
28;6;20
28;7;10
29;0;10
29;1;10
29;2;10
29;3;10
29;4;10
29;5;10
29;6;10
29;7;10
30;0;10
30;1;10
30;2;10
30;3;10
30;4;10
30;5;10
30;6;10
30;7;10
31;0;80
31;1;70
31;2;60
31;3;50
31;4;40
31;5;30
31;6;20
31;7;10
32;0;10
32;1;10
32;2;10
32;3;10
32;4;10
32;5;10
32;6;10
32;7;10
33;0;10
33;1;10
33;2;10
33;3;10
33;4;10
33;5;10
33;6;10
33;7;10
34;0;10
34;1;20
34;2;30
34;3;40
34;4;50
34;5;60
34;6;70
34;7;80
35;0;80
35;1;70
35;2;60
35;3;50
35;4;40
35;5;30
35;6;20
35;7;10
36;0;10
36;1;20
36;2;30
36;3;40
36;4;50
36;5;60
36;6;70
36;7;80
37;0;80
37;1;70
37;2;60
37;3;50
37;4;40
37;5;30
37;6;20
37;7;10
38;0;80
38;1;70
38;2;60
38;3;50
38;4;40
38;5;30
38;6;20
38;7;10
39;0;10
39;1;10
39;2;10
39;3;10
39;4;10
39;5;10
39;6;10
39;7;10
40;0;80
40;1;70
40;2;60
40;3;50
40;4;40
40;5;30
40;6;20
40;7;10
41;0;80
41;1;70
41;2;60
41;3;50
41;4;40
41;5;30
41;6;20
41;7;10
42;0;10
42;1;20
42;2;30
42;3;40
42;4;50
42;5;60
42;6;70
42;7;80
43;0;10
43;1;20
43;2;30
43;3;40
43;4;50
43;5;60
43;6;70
43;7;80
44;0;80
44;1;70
44;2;60
44;3;50
44;4;40
44;5;30
44;6;20
44;7;10
45;0;80
45;1;70
45;2;60
45;3;50
45;4;40
45;5;30
45;6;20
45;7;10
46;0;10
46;1;20
46;2;30
46;3;40
46;4;50
46;5;60
46;6;70
46;7;80
47;0;10
47;1;20
47;2;30
47;3;40
47;4;50
47;5;60
47;6;70
47;7;80
48;0;80
48;1;70
48;2;60
48;3;50
48;4;40
48;5;30
48;6;20
48;7;10
