50;25;87
0;0;50
1;0;50
1;1;10
1;3;70
2;0;10
2;4;10
2;6;100
3;1;70
3;2;100
3;3;10
3;7;10
3;9;100
4;2;50
4;3;50
4;10;50
4;12;10
5;2;10
5;3;70
5;13;70
5;15;100
6;4;10
6;5;10
6;6;100
6;16;100
6;18;50
7;5;100
7;6;50
7;19;50
7;21;100
8;5;70
8;6;70
8;22;50
8;24;50
9;7;10
9;8;50
9;9;10
10;8;70
10;9;50
11;8;10
11;9;100
12;8;100
12;9;100
13;10;70
13;11;10
13;12;10
14;11;10
14;12;50
15;11;10
15;12;100
16;11;70
16;12;100
17;13;50
17;14;50
17;15;10
18;14;10
18;15;70
19;14;10
19;15;50
20;14;100
20;15;70
21;16;70
21;17;70
21;18;10
22;17;100
22;18;50
23;17;50
23;18;50
24;17;50
24;18;100
25;19;10
25;20;10
25;21;10
26;20;50
26;21;10
27;20;50
27;21;70
28;20;50
28;21;10
29;22;70
29;23;10
29;24;10
30;23;100
30;24;50
31;23;50
31;24;70
32;23;70
32;24;10
0;0;10
0;1;10
0;2;10
0;3;10
0;4;10
0;5;10
0;6;10
0;7;10
1;0;80
1;1;70
1;2;60
1;3;50
1;4;40
1;5;30
1;6;20
1;7;10
2;0;80
2;1;70
2;2;60
2;3;50
2;4;40
2;5;30
2;6;20
2;7;10
3;0;10
3;1;10
3;2;10
3;3;10
3;4;10
3;5;10
3;6;10
3;7;10
4;0;10
4;1;10
4;2;10
4;3;10
4;4;10
4;5;10
4;6;10
4;7;10
5;0;10
5;1;20
5;2;30
5;3;40
5;4;50
5;5;60
5;6;70
5;7;80
6;0;80
6;1;70
6;2;60
6;3;50
6;4;40
6;5;30
6;6;20
6;7;10
7;0;80
7;1;70
7;2;60
7;3;50
7;4;40
7;5;30
7;6;20
7;7;10
8;0;10
8;1;10
8;2;10
8;3;10
8;4;10
8;5;10
8;6;10
8;7;10
9;0;10
9;1;20
9;2;30
9;3;40
9;4;50
9;5;60
9;6;70
9;7;80
10;0;10
10;1;20
10;2;30
10;3;40
10;4;50
10;5;60
10;6;70
10;7;80
11;0;10
11;1;20
11;2;30
11;3;40
11;4;50
11;5;60
11;6;70
11;7;80
12;0;10
12;1;10
12;2;10
12;3;10
12;4;10
12;5;10
12;6;10
12;7;10
13;0;10
13;1;10
13;2;10
13;3;10
13;4;10
13;5;10
13;6;10
13;7;10
14;0;10
14;1;10
14;2;10
14;3;10
14;4;10
14;5;10
14;6;10
14;7;10
15;0;10
15;1;10
15;2;10
15;3;10
15;4;10
15;5;10
15;6;10
15;7;10
16;0;10
16;1;10
16;2;10
16;3;10
16;4;10
16;5;10
16;6;10
16;7;10
17;0;10
17;1;10
17;2;10
17;3;10
17;4;10
17;5;10
17;6;10
17;7;10
18;0;10
18;1;20
18;2;30
18;3;40
18;4;50
18;5;60
18;6;70
18;7;80
19;0;80
19;1;70
19;2;60
19;3;50
19;4;40
19;5;30
19;6;20
19;7;10
20;0;10
20;1;20
20;2;30
20;3;40
20;4;50
20;5;60
20;6;70
20;7;80
21;0;80
21;1;70
21;2;60
21;3;50
21;4;40
21;5;30
21;6;20
21;7;10
22;0;10
22;1;10
22;2;10
22;3;10
22;4;10
22;5;10
22;6;10
22;7;10
23;0;10
23;1;20
23;2;30
23;3;40
23;4;50
23;5;60
23;6;70
23;7;80
24;0;10
24;1;20
24;2;30
24;3;40
24;4;50
24;5;60
24;6;70
24;7;80
25;0;80
25;1;70
25;2;60
25;3;50
25;4;40
25;5;30
25;6;20
25;7;10
26;0;10
26;1;10
26;2;10
26;3;10
26;4;10
26;5;10
26;6;10
26;7;10
27;0;80
27;1;70
27;2;60
27;3;50
27;4;40
27;5;30
27;6;20
27;7;10
28;0;80
28;1;70
28;2;60
28;3;50
28;4;40
28;5;30
28;6;20
28;7;10
29;0;80
29;1;70
29;2;60
29;3;50
29;4;40
29;5;30
29;6;20
29;7;10
30;0;10
30;1;10
30;2;10
30;3;10
30;4;10
30;5;10
30;6;10
30;7;10
31;0;10
31;1;20
31;2;30
31;3;40
31;4;50
31;5;60
31;6;70
31;7;80
32;0;10
32;1;20
32;2;30
32;3;40
32;4;50
32;5;60
32;6;70
32;7;80
