300;150;662
0;0;50
1;0;50
1;1;10
1;3;70
2;0;70
2;4;50
2;6;100
3;1;50
3;2;10
3;3;50
3;7;100
3;9;10
4;2;10
4;3;10
4;10;10
4;12;10
5;2;70
5;3;70
5;13;70
5;15;10
6;4;50
6;5;50
6;6;50
6;16;50
6;18;70
7;5;10
7;6;100
7;19;50
7;21;10
8;5;50
8;6;70
8;22;70
8;24;70
9;7;50
9;8;10
9;9;50
9;25;10
9;27;10
10;8;50
10;9;10
10;28;70
10;30;100
11;8;50
11;9;70
11;31;50
11;33;10
12;8;50
12;9;50
12;34;50
12;36;50
13;10;70
13;11;10
13;12;100
13;37;100
13;39;70
14;11;100
14;12;10
14;40;50
14;42;50
15;11;100
15;12;10
15;43;50
15;45;10
16;11;70
16;12;10
16;46;50
16;48;100
17;13;100
17;14;100
17;15;70
17;49;50
17;51;70
18;14;10
18;15;10
18;52;10
18;54;70
19;14;70
19;15;100
19;55;70
19;57;100
20;14;100
20;15;100
20;58;50
20;60;10
21;16;10
21;17;100
21;18;70
21;61;100
21;63;10
22;17;10
22;18;50
22;64;70
22;66;70
23;17;10
23;18;50
23;67;10
23;69;70
24;17;10
24;18;70
24;70;50
24;72;100
25;19;50
25;20;10
25;21;70
25;73;100
25;75;50
26;20;100
26;21;50
26;76;100
26;78;100
27;20;100
27;21;70
27;79;70
27;81;100
28;20;10
28;21;50
28;82;10
28;84;100
29;22;70
29;23;100
29;24;70
29;85;100
29;87;50
30;23;100
30;24;50
30;88;50
30;90;10
31;23;50
31;24;10
31;91;100
31;93;50
32;23;70
32;24;50
32;94;50
32;96;10
33;25;70
33;26;50
33;27;10
33;97;50
33;99;100
34;26;50
34;27;10
34;100;50
34;102;70
35;26;50
35;27;100
35;103;50
35;105;10
36;26;10
36;27;10
36;106;50
36;108;70
37;26;10
37;27;70
37;109;100
37;111;70
38;28;100
38;29;70
38;30;50
38;112;10
38;114;100
39;29;100
39;30;50
39;115;50
39;117;10
40;29;70
40;30;50
40;118;100
40;120;70
41;29;10
41;30;70
41;121;70
41;123;100
42;29;100
42;30;100
42;124;50
42;126;70
43;31;50
43;32;100
43;33;70
43;127;100
43;129;10
44;32;70
44;33;100
44;130;50
44;132;100
45;32;50
45;33;50
45;133;50
45;135;70
46;32;10
46;33;70
46;136;50
46;138;100
47;32;50
47;33;70
47;139;50
47;141;100
48;34;10
48;35;50
48;36;10
48;142;100
48;144;70
49;35;70
49;36;50
49;145;70
49;147;10
50;35;70
50;36;100
50;148;50
51;35;50
51;36;10
52;35;70
52;36;100
53;37;70
53;38;100
53;39;50
54;38;10
54;39;70
55;38;10
55;39;10
56;38;50
56;39;10
57;38;100
57;39;100
58;40;10
58;41;10
58;42;70
59;41;50
59;42;100
60;41;10
60;42;100
61;41;100
61;42;100
62;41;70
62;42;100
63;43;70
63;44;100
63;45;70
64;44;10
64;45;100
65;44;50
65;45;10
66;44;100
66;45;50
67;44;70
67;45;10
68;46;70
68;47;100
68;48;10
69;47;50
69;48;100
70;47;10
70;48;70
71;47;100
71;48;70
72;47;70
72;48;70
73;49;70
73;50;10
73;51;10
74;50;10
74;51;100
75;50;70
75;51;10
76;50;100
76;51;50
77;50;10
77;51;10
78;52;70
78;53;50
78;54;100
79;53;10
79;54;70
80;53;10
80;54;100
81;53;70
81;54;100
82;53;10
82;54;100
83;55;70
83;56;70
83;57;100
84;56;100
84;57;100
85;56;50
85;57;100
86;56;100
86;57;10
87;56;70
87;57;100
88;58;100
88;59;10
88;60;50
89;59;50
89;60;100
90;59;10
90;60;10
91;59;10
91;60;50
92;59;10
92;60;70
93;61;10
93;62;100
93;63;70
94;62;70
94;63;100
95;62;100
95;63;100
96;62;70
96;63;50
97;62;50
97;63;70
98;64;70
98;65;70
98;66;70
99;65;10
99;66;100
100;65;10
100;66;70
101;65;50
101;66;70
102;65;50
102;66;50
103;67;10
103;68;70
103;69;70
104;68;100
104;69;50
105;68;100
105;69;50
106;68;70
106;69;70
107;68;50
107;69;70
108;70;100
108;71;50
108;72;50
109;71;10
109;72;70
110;71;70
110;72;100
111;71;100
111;72;100
112;71;70
112;72;70
113;73;50
113;74;10
113;75;100
114;74;50
114;75;100
115;74;10
115;75;100
116;74;10
116;75;10
117;74;10
117;75;50
118;76;100
118;77;50
118;78;10
119;77;100
119;78;70
120;77;100
120;78;50
121;77;50
121;78;50
122;77;100
122;78;50
123;79;10
123;80;10
123;81;10
124;80;10
124;81;10
125;80;70
125;81;100
126;80;50
126;81;50
127;80;10
127;81;100
128;82;10
128;83;10
128;84;70
129;83;50
129;84;70
130;83;50
130;84;50
131;83;10
131;84;10
132;83;50
132;84;50
133;85;50
133;86;10
133;87;100
134;86;100
134;87;100
135;86;10
135;87;50
136;86;50
136;87;70
137;86;50
137;87;100
138;88;70
138;89;70
138;90;70
139;89;70
139;90;70
140;89;10
140;90;50
141;89;70
141;90;70
142;89;10
142;90;100
143;91;10
143;92;10
143;93;50
144;92;100
144;93;70
145;92;50
145;93;50
146;92;70
146;93;100
147;92;100
147;93;50
148;94;100
148;95;10
148;96;50
149;95;10
149;96;70
150;95;70
150;96;100
151;95;70
151;96;100
152;95;10
152;96;70
153;97;10
153;98;50
153;99;70
154;98;70
154;99;100
155;98;50
155;99;70
156;98;50
156;99;10
157;98;100
157;99;50
158;98;70
158;99;10
159;100;50
159;101;100
159;102;100
160;101;50
160;102;70
161;101;50
161;102;70
162;101;100
162;102;50
163;101;10
163;102;50
164;101;10
164;102;50
165;103;50
165;104;10
165;105;50
166;104;100
166;105;50
167;104;50
167;105;70
168;104;10
168;105;50
169;104;50
169;105;10
170;104;10
170;105;100
171;106;100
171;107;100
171;108;50
172;107;100
172;108;10
173;107;100
173;108;50
174;107;50
174;108;100
175;107;50
175;108;50
176;107;100
176;108;50
177;109;70
177;110;100
177;111;100
178;110;100
178;111;100
179;110;50
179;111;70
180;110;50
180;111;70
181;110;70
181;111;100
182;110;50
182;111;100
183;112;100
183;113;10
183;114;10
184;113;70
184;114;50
185;113;50
185;114;10
186;113;70
186;114;50
187;113;100
187;114;10
188;113;10
188;114;70
189;115;70
189;116;10
189;117;50
190;116;10
190;117;100
191;116;100
191;117;50
192;116;70
192;117;50
193;116;100
193;117;10
194;116;100
194;117;100
195;118;70
195;119;100
195;120;10
196;119;70
196;120;100
197;119;50
197;120;50
198;119;100
198;120;10
199;119;100
199;120;70
200;119;50
200;120;70
201;121;100
201;122;100
201;123;10
202;122;70
202;123;100
203;122;50
203;123;10
204;122;70
204;123;70
205;122;70
205;123;50
206;122;10
206;123;100
207;124;50
207;125;100
207;126;100
208;125;10
208;126;100
209;125;70
209;126;10
210;125;10
210;126;10
211;125;100
211;126;50
212;125;50
212;126;50
213;127;70
213;128;50
213;129;100
214;128;10
214;129;70
215;128;70
215;129;10
216;128;70
216;129;70
217;128;100
217;129;100
218;128;100
218;129;50
219;130;50
219;131;100
219;132;100
220;131;10
220;132;70
221;131;100
221;132;50
222;131;50
222;132;10
223;131;10
223;132;100
224;131;10
224;132;50
225;133;10
225;134;70
225;135;50
226;134;70
226;135;100
227;134;100
227;135;50
228;134;50
228;135;100
229;134;70
229;135;50
230;134;10
230;135;100
231;136;100
231;137;70
231;138;100
232;137;100
232;138;10
233;137;70
233;138;100
234;137;10
234;138;70
235;137;10
235;138;10
236;137;100
236;138;100
237;139;10
237;140;10
237;141;50
238;140;100
238;141;100
239;140;70
239;141;10
240;140;50
240;141;50
241;140;50
241;141;70
242;140;10
242;141;100
243;142;50
243;143;100
243;144;10
244;143;100
244;144;70
245;143;10
245;144;10
246;143;100
246;144;100
247;143;10
247;144;50
248;143;70
248;144;50
249;145;50
249;146;50
249;147;100
250;146;70
250;147;70
251;146;100
251;147;10
252;146;70
252;147;100
253;146;100
253;147;10
254;146;100
254;147;70
255;148;70
255;149;100
256;149;100
257;149;100
258;149;100
259;149;100
260;149;70
0;0;10
0;1;20
0;2;30
0;3;40
0;4;50
0;5;60
0;6;70
0;7;80
1;0;80
1;1;70
1;2;60
1;3;50
1;4;40
1;5;30
1;6;20
1;7;10
2;0;10
2;1;10
2;2;10
2;3;10
2;4;10
2;5;10
2;6;10
2;7;10
3;0;10
3;1;10
3;2;10
3;3;10
3;4;10
3;5;10
3;6;10
3;7;10
4;0;10
4;1;10
4;2;10
4;3;10
4;4;10
4;5;10
4;6;10
4;7;10
5;0;10
5;1;10
5;2;10
5;3;10
5;4;10
5;5;10
5;6;10
5;7;10
6;0;10
6;1;10
6;2;10
6;3;10
6;4;10
6;5;10
6;6;10
6;7;10
7;0;10
7;1;10
7;2;10
7;3;10
7;4;10
7;5;10
7;6;10
7;7;10
8;0;10
8;1;10
8;2;10
8;3;10
8;4;10
8;5;10
8;6;10
8;7;10
9;0;80
9;1;70
9;2;60
9;3;50
9;4;40
9;5;30
9;6;20
9;7;10
10;0;10
10;1;10
10;2;10
10;3;10
10;4;10
10;5;10
10;6;10
10;7;10
11;0;80
11;1;70
11;2;60
11;3;50
11;4;40
11;5;30
11;6;20
11;7;10
12;0;80
12;1;70
12;2;60
12;3;50
12;4;40
12;5;30
12;6;20
12;7;10
13;0;10
13;1;20
13;2;30
13;3;40
13;4;50
13;5;60
13;6;70
13;7;80
14;0;10
14;1;20
14;2;30
14;3;40
14;4;50
14;5;60
14;6;70
14;7;80
15;0;80
15;1;70
15;2;60
15;3;50
15;4;40
15;5;30
15;6;20
15;7;10
16;0;10
16;1;10
16;2;10
16;3;10
16;4;10
16;5;10
16;6;10
16;7;10
17;0;80
17;1;70
17;2;60
17;3;50
17;4;40
17;5;30
17;6;20
17;7;10
18;0;80
18;1;70
18;2;60
18;3;50
18;4;40
18;5;30
18;6;20
18;7;10
19;0;10
19;1;10
19;2;10
19;3;10
19;4;10
19;5;10
19;6;10
19;7;10
20;0;10
20;1;10
20;2;10
20;3;10
20;4;10
20;5;10
20;6;10
20;7;10
21;0;10
21;1;20
21;2;30
21;3;40
21;4;50
21;5;60
21;6;70
21;7;80
22;0;80
22;1;70
22;2;60
22;3;50
22;4;40
22;5;30
22;6;20
22;7;10
23;0;10
23;1;10
23;2;10
23;3;10
23;4;10
23;5;10
23;6;10
23;7;10
24;0;80
24;1;70
24;2;60
24;3;50
24;4;40
24;5;30
24;6;20
24;7;10
25;0;80
25;1;70
25;2;60
25;3;50
25;4;40
25;5;30
25;6;20
25;7;10
26;0;80
26;1;70
26;2;60
26;3;50
26;4;40
26;5;30
26;6;20
26;7;10
27;0;80
27;1;70
27;2;60
27;3;50
27;4;40
27;5;30
27;6;20
27;7;10
28;0;80
28;1;70
28;2;60
28;3;50
28;4;40
28;5;30
28;6;20
28;7;10
29;0;10
29;1;10
29;2;10
29;3;10
29;4;10
29;5;10
29;6;10
29;7;10
30;0;10
30;1;10
30;2;10
30;3;10
30;4;10
30;5;10
30;6;10
30;7;10
31;0;10
31;1;20
31;2;30
31;3;40
31;4;50
31;5;60
31;6;70
31;7;80
32;0;10
32;1;10
32;2;10
32;3;10
32;4;10
32;5;10
32;6;10
32;7;10
33;0;10
33;1;20
33;2;30
33;3;40
33;4;50
33;5;60
33;6;70
33;7;80
34;0;10
34;1;10
34;2;10
34;3;10
34;4;10
34;5;10
34;6;10
34;7;10
35;0;10
35;1;10
35;2;10
35;3;10
35;4;10
35;5;10
35;6;10
35;7;10
36;0;10
36;1;20
36;2;30
36;3;40
36;4;50
36;5;60
36;6;70
36;7;80
37;0;10
37;1;20
37;2;30
37;3;40
37;4;50
37;5;60
37;6;70
37;7;80
38;0;10
38;1;10
38;2;10
38;3;10
38;4;10
38;5;10
38;6;10
38;7;10
39;0;80
39;1;70
39;2;60
39;3;50
39;4;40
39;5;30
39;6;20
39;7;10
40;0;10
40;1;20
40;2;30
40;3;40
40;4;50
40;5;60
40;6;70
40;7;80
41;0;10
41;1;20
41;2;30
41;3;40
41;4;50
41;5;60
41;6;70
41;7;80
42;0;10
42;1;20
42;2;30
42;3;40
42;4;50
42;5;60
42;6;70
42;7;80
43;0;10
43;1;10
43;2;10
43;3;10
43;4;10
43;5;10
43;6;10
43;7;10
44;0;80
44;1;70
44;2;60
44;3;50
44;4;40
44;5;30
44;6;20
44;7;10
45;0;10
45;1;10
45;2;10
45;3;10
45;4;10
45;5;10
45;6;10
45;7;10
46;0;10
46;1;10
46;2;10
46;3;10
46;4;10
46;5;10
46;6;10
46;7;10
47;0;10
47;1;10
47;2;10
47;3;10
47;4;10
47;5;10
47;6;10
47;7;10
48;0;10
48;1;20
48;2;30
48;3;40
48;4;50
48;5;60
48;6;70
48;7;80
49;0;10
49;1;10
49;2;10
49;3;10
49;4;10
49;5;10
49;6;10
49;7;10
50;0;10
50;1;20
50;2;30
50;3;40
50;4;50
50;5;60
50;6;70
50;7;80
51;0;80
51;1;70
51;2;60
51;3;50
51;4;40
51;5;30
51;6;20
51;7;10
52;0;10
52;1;10
52;2;10
52;3;10
52;4;10
52;5;10
52;6;10
52;7;10
53;0;10
53;1;10
53;2;10
53;3;10
53;4;10
53;5;10
53;6;10
53;7;10
54;0;80
54;1;70
54;2;60
54;3;50
54;4;40
54;5;30
54;6;20
54;7;10
55;0;80
55;1;70
55;2;60
55;3;50
55;4;40
55;5;30
55;6;20
55;7;10
56;0;10
56;1;20
56;2;30
56;3;40
56;4;50
56;5;60
56;6;70
56;7;80
57;0;80
57;1;70
57;2;60
57;3;50
57;4;40
57;5;30
57;6;20
57;7;10
58;0;10
58;1;20
58;2;30
58;3;40
58;4;50
58;5;60
58;6;70
58;7;80
59;0;10
59;1;10
59;2;10
59;3;10
59;4;10
59;5;10
59;6;10
59;7;10
60;0;80
60;1;70
60;2;60
60;3;50
60;4;40
60;5;30
60;6;20
60;7;10
61;0;80
61;1;70
61;2;60
61;3;50
61;4;40
61;5;30
61;6;20
61;7;10
62;0;80
62;1;70
62;2;60
62;3;50
62;4;40
62;5;30
62;6;20
62;7;10
63;0;80
63;1;70
63;2;60
63;3;50
63;4;40
63;5;30
63;6;20
63;7;10
64;0;10
64;1;20
64;2;30
64;3;40
64;4;50
64;5;60
64;6;70
64;7;80
65;0;10
65;1;20
65;2;30
65;3;40
65;4;50
65;5;60
65;6;70
65;7;80
66;0;80
66;1;70
66;2;60
66;3;50
66;4;40
66;5;30
66;6;20
66;7;10
67;0;10
67;1;20
67;2;30
67;3;40
67;4;50
67;5;60
67;6;70
67;7;80
68;0;80
68;1;70
68;2;60
68;3;50
68;4;40
68;5;30
68;6;20
68;7;10
69;0;10
69;1;10
69;2;10
69;3;10
69;4;10
69;5;10
69;6;10
69;7;10
70;0;80
70;1;70
70;2;60
70;3;50
70;4;40
70;5;30
70;6;20
70;7;10
71;0;80
71;1;70
71;2;60
71;3;50
71;4;40
71;5;30
71;6;20
71;7;10
72;0;80
72;1;70
72;2;60
72;3;50
72;4;40
72;5;30
72;6;20
72;7;10
73;0;80
73;1;70
73;2;60
73;3;50
73;4;40
73;5;30
73;6;20
73;7;10
74;0;80
74;1;70
74;2;60
74;3;50
74;4;40
74;5;30
74;6;20
74;7;10
75;0;80
75;1;70
75;2;60
75;3;50
75;4;40
75;5;30
75;6;20
75;7;10
76;0;80
76;1;70
76;2;60
76;3;50
76;4;40
76;5;30
76;6;20
76;7;10
77;0;10
77;1;10
77;2;10
77;3;10
77;4;10
77;5;10
77;6;10
77;7;10
78;0;10
78;1;20
78;2;30
78;3;40
78;4;50
78;5;60
78;6;70
78;7;80
79;0;80
79;1;70
79;2;60
79;3;50
79;4;40
79;5;30
79;6;20
79;7;10
80;0;80
80;1;70
80;2;60
80;3;50
80;4;40
80;5;30
80;6;20
80;7;10
81;0;10
81;1;10
81;2;10
81;3;10
81;4;10
81;5;10
81;6;10
81;7;10
82;0;80
82;1;70
82;2;60
82;3;50
82;4;40
82;5;30
82;6;20
82;7;10
83;0;80
83;1;70
83;2;60
83;3;50
83;4;40
83;5;30
83;6;20
83;7;10
84;0;80
84;1;70
84;2;60
84;3;50
84;4;40
84;5;30
84;6;20
84;7;10
85;0;10
85;1;10
85;2;10
85;3;10
85;4;10
85;5;10
85;6;10
85;7;10
86;0;10
86;1;10
86;2;10
86;3;10
86;4;10
86;5;10
86;6;10
86;7;10
87;0;80
87;1;70
87;2;60
87;3;50
87;4;40
87;5;30
87;6;20
87;7;10
88;0;10
88;1;10
88;2;10
88;3;10
88;4;10
88;5;10
88;6;10
88;7;10
89;0;10
89;1;10
89;2;10
89;3;10
89;4;10
89;5;10
89;6;10
89;7;10
90;0;10
90;1;10
90;2;10
90;3;10
90;4;10
90;5;10
90;6;10
90;7;10
91;0;80
91;1;70
91;2;60
91;3;50
91;4;40
91;5;30
91;6;20
91;7;10
92;0;80
92;1;70
92;2;60
92;3;50
92;4;40
92;5;30
92;6;20
92;7;10
93;0;10
93;1;20
93;2;30
93;3;40
93;4;50
93;5;60
93;6;70
93;7;80
94;0;10
94;1;10
94;2;10
94;3;10
94;4;10
94;5;10
94;6;10
94;7;10
95;0;10
95;1;10
95;2;10
95;3;10
95;4;10
95;5;10
95;6;10
95;7;10
96;0;80
96;1;70
96;2;60
96;3;50
96;4;40
96;5;30
96;6;20
96;7;10
97;0;10
97;1;20
97;2;30
97;3;40
97;4;50
97;5;60
97;6;70
97;7;80
98;0;80
98;1;70
98;2;60
98;3;50
98;4;40
98;5;30
98;6;20
98;7;10
99;0;10
99;1;10
99;2;10
99;3;10
99;4;10
99;5;10
99;6;10
99;7;10
100;0;10
100;1;10
100;2;10
100;3;10
100;4;10
100;5;10
100;6;10
100;7;10
101;0;80
101;1;70
101;2;60
101;3;50
101;4;40
101;5;30
101;6;20
101;7;10
102;0;10
102;1;10
102;2;10
102;3;10
102;4;10
102;5;10
102;6;10
102;7;10
103;0;10
103;1;20
103;2;30
103;3;40
103;4;50
103;5;60
103;6;70
103;7;80
104;0;10
104;1;10
104;2;10
104;3;10
104;4;10
104;5;10
104;6;10
104;7;10
105;0;10
105;1;20
105;2;30
105;3;40
105;4;50
105;5;60
105;6;70
105;7;80
106;0;80
106;1;70
106;2;60
106;3;50
106;4;40
106;5;30
106;6;20
106;7;10
107;0;80
107;1;70
107;2;60
107;3;50
107;4;40
107;5;30
107;6;20
107;7;10
108;0;10
108;1;10
108;2;10
108;3;10
108;4;10
108;5;10
108;6;10
108;7;10
109;0;10
109;1;10
109;2;10
109;3;10
109;4;10
109;5;10
109;6;10
109;7;10
110;0;10
110;1;10
110;2;10
110;3;10
110;4;10
110;5;10
110;6;10
110;7;10
111;0;10
111;1;20
111;2;30
111;3;40
111;4;50
111;5;60
111;6;70
111;7;80
112;0;80
112;1;70
112;2;60
112;3;50
112;4;40
112;5;30
112;6;20
112;7;10
113;0;80
113;1;70
113;2;60
113;3;50
113;4;40
113;5;30
113;6;20
113;7;10
114;0;10
114;1;20
114;2;30
114;3;40
114;4;50
114;5;60
114;6;70
114;7;80
115;0;10
115;1;10
115;2;10
115;3;10
115;4;10
115;5;10
115;6;10
115;7;10
116;0;80
116;1;70
116;2;60
116;3;50
116;4;40
116;5;30
116;6;20
116;7;10
117;0;80
117;1;70
117;2;60
117;3;50
117;4;40
117;5;30
117;6;20
117;7;10
118;0;80
118;1;70
118;2;60
118;3;50
118;4;40
118;5;30
118;6;20
118;7;10
119;0;10
119;1;10
119;2;10
119;3;10
119;4;10
119;5;10
119;6;10
119;7;10
120;0;80
120;1;70
120;2;60
120;3;50
120;4;40
120;5;30
120;6;20
120;7;10
121;0;10
121;1;10
121;2;10
121;3;10
121;4;10
121;5;10
121;6;10
121;7;10
122;0;80
122;1;70
122;2;60
122;3;50
122;4;40
122;5;30
122;6;20
122;7;10
123;0;80
123;1;70
123;2;60
123;3;50
123;4;40
123;5;30
123;6;20
123;7;10
124;0;80
124;1;70
124;2;60
124;3;50
124;4;40
124;5;30
124;6;20
124;7;10
125;0;10
125;1;20
125;2;30
125;3;40
125;4;50
125;5;60
125;6;70
125;7;80
126;0;80
126;1;70
126;2;60
126;3;50
126;4;40
126;5;30
126;6;20
126;7;10
127;0;10
127;1;20
127;2;30
127;3;40
127;4;50
127;5;60
127;6;70
127;7;80
128;0;10
128;1;10
128;2;10
128;3;10
128;4;10
128;5;10
128;6;10
128;7;10
129;0;10
129;1;20
129;2;30
129;3;40
129;4;50
129;5;60
129;6;70
129;7;80
130;0;80
130;1;70
130;2;60
130;3;50
130;4;40
130;5;30
130;6;20
130;7;10
131;0;10
131;1;20
131;2;30
131;3;40
131;4;50
131;5;60
131;6;70
131;7;80
132;0;10
132;1;10
132;2;10
132;3;10
132;4;10
132;5;10
132;6;10
132;7;10
133;0;10
133;1;10
133;2;10
133;3;10
133;4;10
133;5;10
133;6;10
133;7;10
134;0;10
134;1;10
134;2;10
134;3;10
134;4;10
134;5;10
134;6;10
134;7;10
135;0;10
135;1;10
135;2;10
135;3;10
135;4;10
135;5;10
135;6;10
135;7;10
136;0;10
136;1;10
136;2;10
136;3;10
136;4;10
136;5;10
136;6;10
136;7;10
137;0;10
137;1;10
137;2;10
137;3;10
137;4;10
137;5;10
137;6;10
137;7;10
138;0;80
138;1;70
138;2;60
138;3;50
138;4;40
138;5;30
138;6;20
138;7;10
139;0;10
139;1;10
139;2;10
139;3;10
139;4;10
139;5;10
139;6;10
139;7;10
140;0;10
140;1;10
140;2;10
140;3;10
140;4;10
140;5;10
140;6;10
140;7;10
141;0;10
141;1;10
141;2;10
141;3;10
141;4;10
141;5;10
141;6;10
141;7;10
142;0;80
142;1;70
142;2;60
142;3;50
142;4;40
142;5;30
142;6;20
142;7;10
143;0;80
143;1;70
143;2;60
143;3;50
143;4;40
143;5;30
143;6;20
143;7;10
144;0;10
144;1;10
144;2;10
144;3;10
144;4;10
144;5;10
144;6;10
144;7;10
145;0;10
145;1;10
145;2;10
145;3;10
145;4;10
145;5;10
145;6;10
145;7;10
146;0;10
146;1;10
146;2;10
146;3;10
146;4;10
146;5;10
146;6;10
146;7;10
147;0;10
147;1;20
147;2;30
147;3;40
147;4;50
147;5;60
147;6;70
147;7;80
148;0;10
148;1;10
148;2;10
148;3;10
148;4;10
148;5;10
148;6;10
148;7;10
149;0;80
149;1;70
149;2;60
149;3;50
149;4;40
149;5;30
149;6;20
149;7;10
150;0;10
150;1;10
150;2;10
150;3;10
150;4;10
150;5;10
150;6;10
150;7;10
151;0;10
151;1;20
151;2;30
151;3;40
151;4;50
151;5;60
151;6;70
151;7;80
152;0;80
152;1;70
152;2;60
152;3;50
152;4;40
152;5;30
152;6;20
152;7;10
153;0;80
153;1;70
153;2;60
153;3;50
153;4;40
153;5;30
153;6;20
153;7;10
154;0;10
154;1;10
154;2;10
154;3;10
154;4;10
154;5;10
154;6;10
154;7;10
155;0;10
155;1;10
155;2;10
155;3;10
155;4;10
155;5;10
155;6;10
155;7;10
156;0;10
156;1;20
156;2;30
156;3;40
156;4;50
156;5;60
156;6;70
156;7;80
157;0;10
157;1;10
157;2;10
157;3;10
157;4;10
157;5;10
157;6;10
157;7;10
158;0;10
158;1;10
158;2;10
158;3;10
158;4;10
158;5;10
158;6;10
158;7;10
159;0;80
159;1;70
159;2;60
159;3;50
159;4;40
159;5;30
159;6;20
159;7;10
160;0;10
160;1;20
160;2;30
160;3;40
160;4;50
160;5;60
160;6;70
160;7;80
161;0;10
161;1;10
161;2;10
161;3;10
161;4;10
161;5;10
161;6;10
161;7;10
162;0;10
162;1;20
162;2;30
162;3;40
162;4;50
162;5;60
162;6;70
162;7;80
163;0;80
163;1;70
163;2;60
163;3;50
163;4;40
163;5;30
163;6;20
163;7;10
164;0;10
164;1;10
164;2;10
164;3;10
164;4;10
164;5;10
164;6;10
164;7;10
165;0;10
165;1;20
165;2;30
165;3;40
165;4;50
165;5;60
165;6;70
165;7;80
166;0;10
166;1;10
166;2;10
166;3;10
166;4;10
166;5;10
166;6;10
166;7;10
167;0;10
167;1;10
167;2;10
167;3;10
167;4;10
167;5;10
167;6;10
167;7;10
168;0;10
168;1;10
168;2;10
168;3;10
168;4;10
168;5;10
168;6;10
168;7;10
169;0;80
169;1;70
169;2;60
169;3;50
169;4;40
169;5;30
169;6;20
169;7;10
170;0;80
170;1;70
170;2;60
170;3;50
170;4;40
170;5;30
170;6;20
170;7;10
171;0;10
171;1;10
171;2;10
171;3;10
171;4;10
171;5;10
171;6;10
171;7;10
172;0;10
172;1;10
172;2;10
172;3;10
172;4;10
172;5;10
172;6;10
172;7;10
173;0;80
173;1;70
173;2;60
173;3;50
173;4;40
173;5;30
173;6;20
173;7;10
174;0;80
174;1;70
174;2;60
174;3;50
174;4;40
174;5;30
174;6;20
174;7;10
175;0;80
175;1;70
175;2;60
175;3;50
175;4;40
175;5;30
175;6;20
175;7;10
176;0;10
176;1;10
176;2;10
176;3;10
176;4;10
176;5;10
176;6;10
176;7;10
177;0;80
177;1;70
177;2;60
177;3;50
177;4;40
177;5;30
177;6;20
177;7;10
178;0;80
178;1;70
178;2;60
178;3;50
178;4;40
178;5;30
178;6;20
178;7;10
179;0;10
179;1;20
179;2;30
179;3;40
179;4;50
179;5;60
179;6;70
179;7;80
180;0;80
180;1;70
180;2;60
180;3;50
180;4;40
180;5;30
180;6;20
180;7;10
181;0;80
181;1;70
181;2;60
181;3;50
181;4;40
181;5;30
181;6;20
181;7;10
182;0;10
182;1;10
182;2;10
182;3;10
182;4;10
182;5;10
182;6;10
182;7;10
183;0;80
183;1;70
183;2;60
183;3;50
183;4;40
183;5;30
183;6;20
183;7;10
184;0;10
184;1;10
184;2;10
184;3;10
184;4;10
184;5;10
184;6;10
184;7;10
185;0;80
185;1;70
185;2;60
185;3;50
185;4;40
185;5;30
185;6;20
185;7;10
186;0;80
186;1;70
186;2;60
186;3;50
186;4;40
186;5;30
186;6;20
186;7;10
187;0;10
187;1;10
187;2;10
187;3;10
187;4;10
187;5;10
187;6;10
187;7;10
188;0;10
188;1;10
188;2;10
188;3;10
188;4;10
188;5;10
188;6;10
188;7;10
189;0;10
189;1;10
189;2;10
189;3;10
189;4;10
189;5;10
189;6;10
189;7;10
190;0;80
190;1;70
190;2;60
190;3;50
190;4;40
190;5;30
190;6;20
190;7;10
191;0;80
191;1;70
191;2;60
191;3;50
191;4;40
191;5;30
191;6;20
191;7;10
192;0;10
192;1;10
192;2;10
192;3;10
192;4;10
192;5;10
192;6;10
192;7;10
193;0;10
193;1;10
193;2;10
193;3;10
193;4;10
193;5;10
193;6;10
193;7;10
194;0;10
194;1;20
194;2;30
194;3;40
194;4;50
194;5;60
194;6;70
194;7;80
195;0;80
195;1;70
195;2;60
195;3;50
195;4;40
195;5;30
195;6;20
195;7;10
196;0;80
196;1;70
196;2;60
196;3;50
196;4;40
196;5;30
196;6;20
196;7;10
197;0;10
197;1;10
197;2;10
197;3;10
197;4;10
197;5;10
197;6;10
197;7;10
198;0;80
198;1;70
198;2;60
198;3;50
198;4;40
198;5;30
198;6;20
198;7;10
199;0;80
199;1;70
199;2;60
199;3;50
199;4;40
199;5;30
199;6;20
199;7;10
200;0;10
200;1;20
200;2;30
200;3;40
200;4;50
200;5;60
200;6;70
200;7;80
201;0;10
201;1;10
201;2;10
201;3;10
201;4;10
201;5;10
201;6;10
201;7;10
202;0;80
202;1;70
202;2;60
202;3;50
202;4;40
202;5;30
202;6;20
202;7;10
203;0;80
203;1;70
203;2;60
203;3;50
203;4;40
203;5;30
203;6;20
203;7;10
204;0;10
204;1;10
204;2;10
204;3;10
204;4;10
204;5;10
204;6;10
204;7;10
205;0;10
205;1;20
205;2;30
205;3;40
205;4;50
205;5;60
205;6;70
205;7;80
206;0;10
206;1;10
206;2;10
206;3;10
206;4;10
206;5;10
206;6;10
206;7;10
207;0;10
207;1;20
207;2;30
207;3;40
207;4;50
207;5;60
207;6;70
207;7;80
208;0;10
208;1;10
208;2;10
208;3;10
208;4;10
208;5;10
208;6;10
208;7;10
209;0;80
209;1;70
209;2;60
209;3;50
209;4;40
209;5;30
209;6;20
209;7;10
210;0;10
210;1;20
210;2;30
210;3;40
210;4;50
210;5;60
210;6;70
210;7;80
211;0;10
211;1;10
211;2;10
211;3;10
211;4;10
211;5;10
211;6;10
211;7;10
212;0;80
212;1;70
212;2;60
212;3;50
212;4;40
212;5;30
212;6;20
212;7;10
213;0;10
213;1;10
213;2;10
213;3;10
213;4;10
213;5;10
213;6;10
213;7;10
214;0;80
214;1;70
214;2;60
214;3;50
214;4;40
214;5;30
214;6;20
214;7;10
215;0;80
215;1;70
215;2;60
215;3;50
215;4;40
215;5;30
215;6;20
215;7;10
216;0;10
216;1;10
216;2;10
216;3;10
216;4;10
216;5;10
216;6;10
216;7;10
217;0;10
217;1;10
217;2;10
217;3;10
217;4;10
217;5;10
217;6;10
217;7;10
218;0;80
218;1;70
218;2;60
218;3;50
218;4;40
218;5;30
218;6;20
218;7;10
219;0;80
219;1;70
219;2;60
219;3;50
219;4;40
219;5;30
219;6;20
219;7;10
220;0;10
220;1;10
220;2;10
220;3;10
220;4;10
220;5;10
220;6;10
220;7;10
221;0;80
221;1;70
221;2;60
221;3;50
221;4;40
221;5;30
221;6;20
221;7;10
222;0;80
222;1;70
222;2;60
222;3;50
222;4;40
222;5;30
222;6;20
222;7;10
223;0;80
223;1;70
223;2;60
223;3;50
223;4;40
223;5;30
223;6;20
223;7;10
224;0;80
224;1;70
224;2;60
224;3;50
224;4;40
224;5;30
224;6;20
224;7;10
225;0;10
225;1;20
225;2;30
225;3;40
225;4;50
225;5;60
225;6;70
225;7;80
226;0;10
226;1;10
226;2;10
226;3;10
226;4;10
226;5;10
226;6;10
226;7;10
227;0;10
227;1;10
227;2;10
227;3;10
227;4;10
227;5;10
227;6;10
227;7;10
228;0;10
228;1;10
228;2;10
228;3;10
228;4;10
228;5;10
228;6;10
228;7;10
229;0;10
229;1;10
229;2;10
229;3;10
229;4;10
229;5;10
229;6;10
229;7;10
230;0;80
230;1;70
230;2;60
230;3;50
230;4;40
230;5;30
230;6;20
230;7;10
231;0;80
231;1;70
231;2;60
231;3;50
231;4;40
231;5;30
231;6;20
231;7;10
232;0;10
232;1;10
232;2;10
232;3;10
232;4;10
232;5;10
232;6;10
232;7;10
233;0;80
233;1;70
233;2;60
233;3;50
233;4;40
233;5;30
233;6;20
233;7;10
234;0;10
234;1;10
234;2;10
234;3;10
234;4;10
234;5;10
234;6;10
234;7;10
235;0;80
235;1;70
235;2;60
235;3;50
235;4;40
235;5;30
235;6;20
235;7;10
236;0;10
236;1;20
236;2;30
236;3;40
236;4;50
236;5;60
236;6;70
236;7;80
237;0;10
237;1;20
237;2;30
237;3;40
237;4;50
237;5;60
237;6;70
237;7;80
238;0;80
238;1;70
238;2;60
238;3;50
238;4;40
238;5;30
238;6;20
238;7;10
239;0;10
239;1;20
239;2;30
239;3;40
239;4;50
239;5;60
239;6;70
239;7;80
240;0;10
240;1;10
240;2;10
240;3;10
240;4;10
240;5;10
240;6;10
240;7;10
241;0;10
241;1;10
241;2;10
241;3;10
241;4;10
241;5;10
241;6;10
241;7;10
242;0;10
242;1;10
242;2;10
242;3;10
242;4;10
242;5;10
242;6;10
242;7;10
243;0;80
243;1;70
243;2;60
243;3;50
243;4;40
243;5;30
243;6;20
243;7;10
244;0;80
244;1;70
244;2;60
244;3;50
244;4;40
244;5;30
244;6;20
244;7;10
245;0;80
245;1;70
245;2;60
245;3;50
245;4;40
245;5;30
245;6;20
245;7;10
246;0;80
246;1;70
246;2;60
246;3;50
246;4;40
246;5;30
246;6;20
246;7;10
247;0;80
247;1;70
247;2;60
247;3;50
247;4;40
247;5;30
247;6;20
247;7;10
248;0;80
248;1;70
248;2;60
248;3;50
248;4;40
248;5;30
248;6;20
248;7;10
249;0;10
249;1;20
249;2;30
249;3;40
249;4;50
249;5;60
249;6;70
249;7;80
250;0;10
250;1;10
250;2;10
250;3;10
250;4;10
250;5;10
250;6;10
250;7;10
251;0;80
251;1;70
251;2;60
251;3;50
251;4;40
251;5;30
251;6;20
251;7;10
252;0;80
252;1;70
252;2;60
252;3;50
252;4;40
252;5;30
252;6;20
252;7;10
253;0;80
253;1;70
253;2;60
253;3;50
253;4;40
253;5;30
253;6;20
253;7;10
254;0;10
254;1;20
254;2;30
254;3;40
254;4;50
254;5;60
254;6;70
254;7;80
255;0;10
255;1;10
255;2;10
255;3;10
255;4;10
255;5;10
255;6;10
255;7;10
256;0;10
256;1;10
256;2;10
256;3;10
256;4;10
256;5;10
256;6;10
256;7;10
257;0;80
257;1;70
257;2;60
257;3;50
257;4;40
257;5;30
257;6;20
257;7;10
258;0;10
258;1;20
258;2;30
258;3;40
258;4;50
258;5;60
258;6;70
258;7;80
259;0;10
259;1;20
259;2;30
259;3;40
259;4;50
259;5;60
259;6;70
259;7;80
260;0;10
260;1;20
260;2;30
260;3;40
260;4;50
260;5;60
260;6;70
260;7;80
