40;20;67
0;0;10
1;0;50
1;1;100
1;3;10
2;0;50
2;4;50
2;6;70
3;1;100
3;2;70
3;3;70
3;7;50
3;9;10
4;2;10
4;3;100
4;10;50
4;12;70
5;2;70
5;3;50
5;13;70
5;15;50
6;4;70
6;5;70
6;6;100
6;16;50
6;18;100
7;5;70
7;6;100
7;19;70
8;5;10
8;6;10
9;7;100
9;8;100
9;9;70
10;8;10
10;9;10
11;8;100
11;9;10
12;8;10
12;9;50
13;10;70
13;11;70
13;12;70
14;11;50
14;12;100
15;11;100
15;12;70
16;11;10
16;12;10
17;13;100
17;14;10
17;15;50
18;14;10
18;15;70
19;14;10
19;15;10
20;14;50
20;15;100
21;16;100
21;17;10
21;18;70
22;17;10
22;18;70
23;17;70
23;18;100
24;17;100
24;18;10
25;19;10
0;0;10
0;1;10
0;2;10
0;3;10
0;4;10
0;5;10
0;6;10
0;7;10
1;0;10
1;1;20
1;2;30
1;3;40
1;4;50
1;5;60
1;6;70
1;7;80
2;0;80
2;1;70
2;2;60
2;3;50
2;4;40
2;5;30
2;6;20
2;7;10
3;0;10
3;1;10
3;2;10
3;3;10
3;4;10
3;5;10
3;6;10
3;7;10
4;0;80
4;1;70
4;2;60
4;3;50
4;4;40
4;5;30
4;6;20
4;7;10
5;0;80
5;1;70
5;2;60
5;3;50
5;4;40
5;5;30
5;6;20
5;7;10
6;0;80
6;1;70
6;2;60
6;3;50
6;4;40
6;5;30
6;6;20
6;7;10
7;0;80
7;1;70
7;2;60
7;3;50
7;4;40
7;5;30
7;6;20
7;7;10
8;0;80
8;1;70
8;2;60
8;3;50
8;4;40
8;5;30
8;6;20
8;7;10
9;0;80
9;1;70
9;2;60
9;3;50
9;4;40
9;5;30
9;6;20
9;7;10
10;0;10
10;1;10
10;2;10
10;3;10
10;4;10
10;5;10
10;6;10
10;7;10
11;0;80
11;1;70
11;2;60
11;3;50
11;4;40
11;5;30
11;6;20
11;7;10
12;0;80
12;1;70
12;2;60
12;3;50
12;4;40
12;5;30
12;6;20
12;7;10
13;0;10
13;1;10
13;2;10
13;3;10
13;4;10
13;5;10
13;6;10
13;7;10
14;0;10
14;1;10
14;2;10
14;3;10
14;4;10
14;5;10
14;6;10
14;7;10
15;0;10
15;1;10
15;2;10
15;3;10
15;4;10
15;5;10
15;6;10
15;7;10
16;0;10
16;1;10
16;2;10
16;3;10
16;4;10
16;5;10
16;6;10
16;7;10
17;0;10
17;1;10
17;2;10
17;3;10
17;4;10
17;5;10
17;6;10
17;7;10
18;0;10
18;1;20
18;2;30
18;3;40
18;4;50
18;5;60
18;6;70
18;7;80
19;0;10
19;1;20
19;2;30
19;3;40
19;4;50
19;5;60
19;6;70
19;7;80
20;0;10
20;1;20
20;2;30
20;3;40
20;4;50
20;5;60
20;6;70
20;7;80
21;0;80
21;1;70
21;2;60
21;3;50
21;4;40
21;5;30
21;6;20
21;7;10
22;0;10
22;1;20
22;2;30
22;3;40
22;4;50
22;5;60
22;6;70
22;7;80
23;0;10
23;1;20
23;2;30
23;3;40
23;4;50
23;5;60
23;6;70
23;7;80
24;0;10
24;1;20
24;2;30
24;3;40
24;4;50
24;5;60
24;6;70
24;7;80
25;0;10
25;1;10
25;2;10
25;3;10
25;4;10
25;5;10
25;6;10
25;7;10
